0.00004259242996399425  4.145077720207155
0.00014918327917800992  16.58031088082896
0.00023480723632212188  33.160621761658035
0.00036280407482216603  49.740932642486996
0.00046961447264424355  66.32124352331607
0.0005981601826644419  93.26424870466326
0.0007054096777026435  118.13471502590676
0.0008340651620268732  147.1502590673574
0.0010050935277070344  176.1658031088083
0.0011978572055853164  215.54404145077717
0.0014118073241415655  254.92227979274605
0.0016674716782295598  281.86528497409324
0.0018595767102836571  308.80829015544043
0.0020939448493896553  333.67875647668393
0.00228572055853166  354.40414507772016
0.0026049442346535523  381.34715025906735
0.0030729120927373323  416.58031088082896
0.003753403003424959  464.2487046632124
0.004156823570738562  480.82901554404134
0.004899336963203654  499.4818652849741
0.006193027136207958  524.3523316062176
0.007253007815930447  536.7875647668393
0.008079608325283219  543.0051813471503
0.008779309739176254  553.3678756476684
0.009245850531307631  561.6580310880828
0.00971239132343901  569.94818652849
